<?xml version="1.0"?>
<opencv_storage>
<mtx type_id="opencv-matrix">
  <rows>3</rows>
  <cols>3</cols>
  <dt>d</dt>
  <data>
    4.9775367641467261e+02 0. 3.2021344301497891e+02 0.
    4.9635956668207393e+02 2.3851778841887608e+02 0. 0. 1.</data></mtx>
<rvecs type_id="opencv-matrix">
  <rows>3</rows>
  <cols>1</cols>
  <dt>d</dt>
  <data>
    -1.3729505719057777e+00 -5.6445645364028418e-01
    -7.0006232700384252e-01</data></rvecs>
<tvecs type_id="opencv-matrix">
  <rows>3</rows>
  <cols>1</cols>
  <dt>d</dt>
  <data>
    3.0473916442841154e-01 1.5827748529411525e+02 9.0716797732451300e+02</data></tvecs>
<dist type_id="opencv-matrix">
  <rows>1</rows>
  <cols>5</cols>
  <dt>d</dt>
  <data>
    -3.8735958967716805e-01 2.1121315196362464e-01
    3.0759600328206704e-04 1.4383649040912165e-03
    -6.3745165792629233e-02</data></dist>
</opencv_storage>
