<?xml version="1.0"?>
<opencv_storage>
<mtx type_id="opencv-matrix">
  <rows>3</rows>
  <cols>3</cols>
  <dt>d</dt>
  <data>
    3.0160987952102892e+02 0. 1.9276602301864628e+02 0.
    3.0140947324187613e+02 2.5124913497354430e+02 0. 0. 1.</data></mtx>
<rvecs type_id="opencv-matrix">
  <rows>3</rows>
  <cols>1</cols>
  <dt>d</dt>
  <data>
    -1.3880965473907003e+00 -3.6927673753362428e-01
    -4.9488989842294423e-01</data></rvecs>
<tvecs type_id="opencv-matrix">
  <rows>3</rows>
  <cols>1</cols>
  <dt>d</dt>
  <data>
    3.0742749073688560e+02 1.7780910977988452e+02 7.5619721533137727e+02</data></tvecs>
<dist type_id="opencv-matrix">
  <rows>1</rows>
  <cols>5</cols>
  <dt>d</dt>
  <data>
    -1.0633301945328975e-01 -5.3875363138802403e-02
    -6.9423892917803249e-03 5.5053444888441889e-02
    2.5698715806819896e-02</data></dist>
</opencv_storage>
