<?xml version="1.0"?>
<opencv_storage>
<mtx type_id="opencv-matrix">
  <rows>3</rows>
  <cols>3</cols>
  <dt>d</dt>
  <data>
    5.0204652912970414e+02 0. 3.0277708025119256e+02 0.
    4.9739353322067507e+02 2.3698712895112033e+02 0. 0. 1.</data></mtx>
<rvecs type_id="opencv-matrix">
  <rows>3</rows>
  <cols>1</cols>
  <dt>d</dt>
  <data>
    -1.3733627237122172e+00 -5.2949178186776025e-01
    -6.5554208976520945e-01</data></rvecs>
<tvecs type_id="opencv-matrix">
  <rows>3</rows>
  <cols>1</cols>
  <dt>d</dt>
  <data>
    2.9842090732760624e+01 1.5742708041833387e+02 9.1115355705079742e+02</data></tvecs>
<dist type_id="opencv-matrix">
  <rows>1</rows>
  <cols>5</cols>
  <dt>d</dt>
  <data>
    -4.3472061570714965e-01 3.6626665230709993e-01
    -1.5535458634347854e-03 7.2590836567092629e-03
    -1.9365483133839012e-01</data></dist>
</opencv_storage>
