<?xml version="1.0"?>
<opencv_storage>
<mtx type_id="opencv-matrix">
  <rows>3</rows>
  <cols>3</cols>
  <dt>d</dt>
  <data>
    3.2191503137219581e+02 0. 1.9548184483458516e+02 0.
    3.1896685809154332e+02 2.7420178844005744e+02 0. 0. 1.</data></mtx>
<rvecs type_id="opencv-matrix">
  <rows>3</rows>
  <cols>1</cols>
  <dt>d</dt>
  <data>
    -1.3770354010645223e+00 -1.8092239500980850e-01
    -4.8940491009579767e-01</data></rvecs>
<tvecs type_id="opencv-matrix">
  <rows>3</rows>
  <cols>1</cols>
  <dt>d</dt>
  <data>
    2.7530448987670945e+02 1.1074154679099655e+02 7.2375388452471157e+02</data></tvecs>
<dist type_id="opencv-matrix">
  <rows>1</rows>
  <cols>5</cols>
  <dt>d</dt>
  <data>
    -1.3833547545150951e-01 4.1842396129203097e-02
    -1.8902192195718110e-02 5.7695531812822241e-02
    -1.3944335897147736e-01</data></dist>
</opencv_storage>
