<?xml version="1.0"?>
<opencv_storage>
<mtx type_id="opencv-matrix">
  <rows>3</rows>
  <cols>3</cols>
  <dt>d</dt>
  <data>
    4.9318346136039816e+02 0. 3.3026569091219221e+02 0.
    4.9407180910534106e+02 2.3460056362291058e+02 0. 0. 1.</data></mtx>
<rvecs type_id="opencv-matrix">
  <rows>3</rows>
  <cols>1</cols>
  <dt>d</dt>
  <data>
    -1.3055487526553089e+00 -5.6141431435821376e-01
    -6.7128842556705359e-01</data></rvecs>
<tvecs type_id="opencv-matrix">
  <rows>3</rows>
  <cols>1</cols>
  <dt>d</dt>
  <data>
    -2.3410711727370984e+01 1.4458219348787748e+02
    8.5578197821068022e+02</data></tvecs>
<dist type_id="opencv-matrix">
  <rows>1</rows>
  <cols>5</cols>
  <dt>d</dt>
  <data>
    -3.6998353997856925e-01 2.0013775061241756e-01
    7.2336502642256871e-05 3.6209141976568314e-04
    -6.9449676035253413e-02</data></dist>
</opencv_storage>
