<?xml version="1.0"?>
<opencv_storage>
<mtx type_id="opencv-matrix">
  <rows>3</rows>
  <cols>3</cols>
  <dt>d</dt>
  <data>
    4.9318346136039816e+02 0. 3.3026569091219221e+02 0.
    4.9407180910534106e+02 2.3460056362291058e+02 0. 0. 1.</data></mtx>
<rvecs type_id="opencv-matrix">
  <rows>3</rows>
  <cols>1</cols>
  <dt>d</dt>
  <data>
    -1.5181720378699661e+00 -1.7696925285716333e-01
    -2.1918327271712129e-01</data></rvecs>
<tvecs type_id="opencv-matrix">
  <rows>3</rows>
  <cols>1</cols>
  <dt>d</dt>
  <data>
    -1.8839723355164301e+02 2.3544283660845983e+02
    6.3334120214125937e+02</data></tvecs>
<dist type_id="opencv-matrix">
  <rows>1</rows>
  <cols>5</cols>
  <dt>d</dt>
  <data>
    -3.6998353997856925e-01 2.0013775061241756e-01
    7.2336502642256871e-05 3.6209141976568314e-04
    -6.9449676035253413e-02</data></dist>
</opencv_storage>
